hooh,hooh,hooch,143469,PROPN,ROOT,False
